{
  "file": 1, 
  "format": 1
}{
  "previous_download": 377576942, 
  "maximum_total": -1, 
  "maximum_upload": 500000000, 
  "maximum_download": 5000000000, 
  "previous_total": 1519115747, 
  "label": "", 
  "reset_time_total": 1442661227.643083, 
  "reset_time_download": 1442661227.643083, 
  "reset_time_upload": 1442827221.014377, 
  "previous_upload": 141453464
}